freq	dB(SP1.SP.S(1,1))
4.00000000000000000E9	-5.88433301921684659E0
4.00999999999999979E9	-5.98353481643671969E0
4.02000000000000046E9	-6.08522797745757327E0
4.02999999999999936E9	-6.18948812445091257E0
4.04000000000000004E9	-6.29639388476883077E0
4.04999999999999982E9	-6.40602706394671539E0
4.06000000000000050E9	-6.51847283289445212E0
4.07000000000000028E9	-6.63381993073198473E0
4.08000000000000007E9	-6.75216088489774435E0
4.08999999999999986E9	-6.87359225035481458E0
4.09999999999999964E9	-6.99821486994191133E0
4.11000000000000032E9	-7.12613415817030038E0
4.12000000000000011E9	-7.25746041105846551E0
4.12999999999999989E9	-7.39230914492725955E0
4.13999999999999968E9	-7.53080146746066426E0
4.15000000000000036E9	-7.67306448477487724E0
4.16000000000000014E9	-7.81923174874486016E0
4.16999999999999993E9	-7.96944374942187306E0
4.17999999999999972E9	-8.12384845805452827E0
4.18999999999999950E9	-8.28260192701498887E0
4.20000000000000018E9	-8.44586895385184100E0
4.20999999999999996E9	-8.61382381776978256E0
4.22000000000000064E9	-8.78665109809961820E0
4.22999999999999954E9	-8.96454658581356512E0
4.24000000000000021E9	-9.14771830090107940E0
4.25000000000000000E9	-9.33638763051103737E0
4.25999999999999979E9	-9.53079060525435473E0
4.27000000000000046E9	-9.73117933403830726E0
4.27999999999999936E9	-9.93782362137601538E0
4.29000000000000004E9	-1.01510127954248142E1
4.29999999999999982E9	-1.03710577802270443E1
4.31000000000000050E9	-1.05982934519809091E1
4.32000000000000028E9	-1.08330813269424309E1
4.33000000000000007E9	-1.10758126381175415E1
4.33999999999999986E9	-1.13269118697237547E1
4.34999999999999964E9	-1.15868408331019102E1
4.36000000000000032E9	-1.18561033861572351E1
4.37000000000000011E9	-1.21352509215842463E1
4.37999999999999989E9	-1.24248887785258555E1
4.38999999999999968E9	-1.27256837698750092E1
4.40000000000000036E9	-1.30383730657926700E1
4.41000000000000014E9	-1.33637747368138982E1
4.41999999999999993E9	-1.37028003421818023E1
4.42999999999999972E9	-1.40564700578503854E1
4.43999999999999950E9	-1.44259309839668037E1
4.45000000000000018E9	-1.48124794680136751E1
4.45999999999999996E9	-1.52175885482202378E1
4.47000000000000064E9	-1.56429419935211222E1
4.47999999999999954E9	-1.60904769381799673E1
4.49000000000000021E9	-1.65624378531179817E1
4.50000000000000000E9	-1.70614456743063125E1
4.50999999999999979E9	-1.75905875005143342E1
4.52000000000000046E9	-1.81535346709699819E1
4.52999999999999936E9	-1.87547007287493939E1
4.54000000000000004E9	-1.93994566145775482E1
4.54999999999999982E9	-2.00944299270833859E1
4.56000000000000050E9	-2.08479310191625578E1
4.57000000000000028E9	-2.16705764542476853E1
4.58000000000000007E9	-2.25762308019502322E1
4.58999999999999986E9	-2.35834841978329912E1
4.59999999999999964E9	-2.47180788054112588E1
4.61000000000000032E9	-2.60171243972236921E1
4.62000000000000011E9	-2.75369634403393793E1
4.62999999999999989E9	-2.93692835403214803E1
4.63999999999999968E9	-3.16786658877945992E1
4.65000000000000036E9	-3.48085611398074501E1
4.66000000000000014E9	-3.96953686174855580E1
4.66999999999999993E9	-5.13292350147935572E1
4.67999999999999972E9	-4.54987788403427285E1
4.68999999999999950E9	-3.77725440408067126E1
4.70000000000000018E9	-3.37579385205831750E1
4.70999999999999996E9	-3.10408394429028522E1
4.72000000000000064E9	-2.89903421545005546E1
4.72999999999999954E9	-2.73468429900329779E1
4.74000000000000021E9	-2.59780827560913741E1
4.75000000000000000E9	-2.48074762099028279E1
4.75999999999999979E9	-2.37866840370446786E1
4.77000000000000046E9	-2.28832347138352654E1
4.77999999999999936E9	-2.20742613153841027E1
4.79000000000000004E9	-2.13430525427757534E1
4.79999999999999982E9	-2.06770250971310654E1
4.81000000000000050E9	-2.00664677987823881E1
4.82000000000000028E9	-1.95037298076613341E1
4.83000000000000007E9	-1.89826769046485855E1
4.83999999999999986E9	-1.84983161801827589E1
4.84999999999999964E9	-1.80465301859852967E1
4.86000000000000032E9	-1.76238843538633061E1
4.87000000000000011E9	-1.72274847230550732E1
4.87999999999999989E9	-1.68548709962646792E1
4.88999999999999968E9	-1.65039349038245509E1
4.90000000000000036E9	-1.61728570229153590E1
4.91000000000000014E9	-1.58600572713726096E1
4.91999999999999993E9	-1.55641556815274340E1
4.92999999999999972E9	-1.52839410045550927E1
4.93999999999999950E9	-1.50183453517255927E1
4.95000000000000018E9	-1.47664235416153766E1
4.95999999999999996E9	-1.45273361535461709E1
4.97000000000000064E9	-1.43003355278537803E1
4.97999999999999954E9	-1.40847541301887436E1
4.99000000000000021E9	-1.38799948283276664E1
5.00000000000000000E9	-1.36855227286121228E1
5.00999999999999979E9	-1.35008582940009503E1
5.02000000000000046E9	-1.33255715230777350E1
5.02999999999999936E9	-1.31592770136842518E1
5.04000000000000004E9	-1.30016297693963878E1
5.04999999999999982E9	-1.28523216341821001E1
5.06000000000000050E9	-1.27110782620353335E1
5.07000000000000028E9	-1.25776565454529909E1
5.08000000000000007E9	-1.24518424402972294E1
5.08999999999999986E9	-1.23334491355799458E1
5.09999999999999964E9	-1.22223155255873817E1
5.11000000000000032E9	-1.21183049489394223E1
5.12000000000000011E9	-1.20213041649720997E1
5.12999999999999989E9	-1.19312225424770135E1
5.13999999999999968E9	-1.18479914395045305E1
5.15000000000000036E9	-1.17715637557552322E1
5.16000000000000014E9	-1.17019136411286784E1
5.16999999999999993E9	-1.16390363453021384E1
5.17999999999999972E9	-1.15829481937800649E1
5.18999999999999950E9	-1.15336866756459266E1
5.20000000000000018E9	-1.14913106271888243E1
5.20999999999999996E9	-1.14559004935490338E1
5.22000000000000064E9	-1.14275586473602719E1
5.22999999999999954E9	-1.14064097388424912E1
5.24000000000000021E9	-1.13926010456242488E1
5.25000000000000000E9	-1.13863027823870722E1
5.25999999999999979E9	-1.13877083197625040E1
5.27000000000000046E9	-1.13970342482159759E1
5.27999999999999936E9	-1.14145202052307493E1
5.29000000000000004E9	-1.14404283621350800E1
5.29999999999999982E9	-1.14750424394255934E1
5.31000000000000050E9	-1.15186660853050671E1
5.32000000000000028E9	-1.15716204101235087E1
5.33000000000000007E9	-1.16342404181560566E1
5.33999999999999986E9	-1.17068700163765449E1
5.34999999999999964E9	-1.17898552065413087E1
5.36000000000000032E9	-1.18835349815477476E1
5.37000000000000011E9	-1.19882293504652693E1
5.37999999999999989E9	-1.21042238118702161E1
5.38999999999999968E9	-1.22317494889412814E1
5.40000000000000036E9	-1.23709580451306067E1
5.41000000000000014E9	-1.25218904386687169E1
5.41999999999999993E9	-1.26844385846288943E1
5.42999999999999972E9	-1.28582991323483942E1
5.43999999999999950E9	-1.30429189188949746E1
5.45000000000000018E9	-1.32374323448939291E1
5.45999999999999996E9	-1.34405920905043264E1
5.47000000000000064E9	-1.36506964202710313E1
5.47999999999999954E9	-1.38655189676039359E1
5.49000000000000021E9	-1.40822503812284383E1
5.50000000000000000E9	-1.42974653244157679E1
5.50999999999999979E9	-1.45071323181787570E1
5.52000000000000046E9	-1.47066863748119769E1
5.52999999999999936E9	-1.48911830827870095E1
5.54000000000000004E9	-1.50555452404603640E1
5.54999999999999982E9	-1.51948975706768064E1
5.56000000000000050E9	-1.53049623922525924E1
5.57000000000000028E9	-1.53824645483740619E1
5.58000000000000007E9	-1.54254766122797116E1
5.58999999999999986E9	-1.54336352601303783E1
5.59999999999999964E9	-1.54081814115475724E1
5.61000000000000032E9	-1.53518153277988634E1
5.62000000000000011E9	-1.52683996999182847E1
5.62999999999999989E9	-1.51625734735658146E1
5.63999999999999968E9	-1.50393477875072956E1
5.65000000000000036E9	-1.49037440520256759E1
5.66000000000000014E9	-1.47605113613291050E1
5.66999999999999993E9	-1.46139361808907231E1
5.67999999999999972E9	-1.44677385587289087E1
5.68999999999999950E9	-1.43250384667509745E1
5.70000000000000018E9	-1.41883723819966745E1
5.70999999999999996E9	-1.40597414737391979E1
5.72000000000000064E9	-1.39406763529433686E1
5.72999999999999954E9	-1.38323075133890705E1
5.74000000000000021E9	-1.37354343626493214E1
5.75000000000000000E9	-1.36505887073443599E1
5.75999999999999979E9	-1.35780906756733843E1
5.77000000000000046E9	-1.35180964535111836E1
5.77999999999999936E9	-1.34706380516040691E1
5.79000000000000004E9	-1.34356557753190375E1
5.79999999999999982E9	-1.34130242681412981E1
5.81000000000000050E9	-1.34025730435367252E1
5.82000000000000028E9	-1.34041023741817367E1
5.83000000000000007E9	-1.34173953166684568E1
5.83999999999999986E9	-1.34422265406243047E1
5.84999999999999964E9	-1.34783685194001679E1
5.86000000000000032E9	-1.35255955334211952E1
5.87000000000000011E9	-1.35836858407383376E1
5.87999999999999989E9	-1.36524222833651643E1
5.88999999999999968E9	-1.37315915222232898E1
5.90000000000000036E9	-1.38209820268276462E1
5.91000000000000014E9	-1.39203808868147338E1
5.91999999999999993E9	-1.40295694597259191E1
5.92999999999999972E9	-1.41483178220368022E1
5.93999999999999950E9	-1.42763779476789376E1
5.95000000000000018E9	-1.44134755003198367E1
5.95999999999999996E9	-1.45593000934763617E1
5.97000000000000064E9	-1.47134938484542110E1
5.97999999999999954E9	-1.48756380682023459E1
5.99000000000000021E9	-1.50452378518541674E1
6.00000000000000000E9	-1.52217045094307957E1
6.00999999999999979E9	-1.54043357120821001E1
6.02000000000000046E9	-1.55922934478316755E1
6.02999999999999936E9	-1.57845800679186254E1
6.04000000000000004E9	-1.59800130296191800E1
6.04999999999999982E9	-1.61771993931037494E1
6.06000000000000050E9	-1.63745117311028632E1
6.07000000000000028E9	-1.65700678614603669E1
6.08000000000000007E9	-1.67617176787550615E1
6.08999999999999986E9	-1.69470412477521171E1
6.09999999999999964E9	-1.71233630506615420E1
6.11000000000000032E9	-1.72877875755802313E1
6.12000000000000011E9	-1.74372609327986505E1
6.12999999999999989E9	-1.75686615052780093E1
6.13999999999999968E9	-1.76789195089145368E1
6.15000000000000036E9	-1.77651607948061008E1
6.16000000000000014E9	-1.78248648117204356E1
6.16999999999999993E9	-1.78560214890705704E1
6.17999999999999972E9	-1.78572684404976090E1
6.18999999999999950E9	-1.78279898075093657E1
6.20000000000000018E9	-1.77683620300781264E1
6.20999999999999996E9	-1.76793393832266754E1
6.22000000000000064E9	-1.75625815216976244E1
6.22999999999999954E9	-1.74203340912478533E1
6.24000000000000021E9	-1.72552794835311163E1
6.25000000000000000E9	-1.70703768580976289E1
6.25999999999999979E9	-1.68687087839177319E1
6.27000000000000046E9	-1.66533474482907229E1
6.27999999999999936E9	-1.64272479288082351E1
6.29000000000000004E9	-1.61931709125109013E1
6.29999999999999982E9	-1.59536333316310808E1
6.31000000000000050E9	-1.57108829528853611E1
6.32000000000000028E9	-1.54668918739500350E1
6.33000000000000007E9	-1.52233638017023098E1
6.33999999999999986E9	-1.49817505262307282E1
6.34999999999999964E9	-1.47432738361354376E1
6.36000000000000032E9	-1.45089500146485428E1
6.37000000000000011E9	-1.42796148767162800E1
6.37999999999999989E9	-1.40559479909106022E1
6.38999999999999968E9	-1.38384952610481315E1
6.40000000000000036E9	-1.36276894316195563E1
6.40999999999999925E9	-1.34238683515381974E1
6.41999999999999993E9	-1.32272910081992956E1
6.42999999999999972E9	-1.30381514524289011E1
6.44000000000000039E9	-1.28565907946731928E1
6.45000000000000018E9	-1.26827074794504369E1
6.45999999999999908E9	-1.25165660503580778E1
6.47000000000000064E9	-1.23582046101589471E1
6.47999999999999954E9	-1.22076411654485240E1
6.49000000000000021E9	-1.20648790269715334E1
6.50000000000000000E9	-1.19299114172745724E1
6.50999999999999979E9	-1.18027254185546604E1
6.52000000000000046E9	-1.16833053761370187E1
6.52999999999999936E9	-1.15716358574125744E1
6.54000000000000092E9	-1.14677042524405981E1
6.54999999999999982E9	-1.13715030907644943E1
6.55999999999999961E9	-1.12830321392072408E1
6.57000000000000028E9	-1.12023003373594365E1
6.58000000000000007E9	-1.11293276210062064E1
6.59000000000000075E9	-1.10641466787071585E1
6.59999999999999964E9	-1.10068046830231592E1
6.60999999999999943E9	-1.09573650353732988E1
6.62000000000000011E9	-1.09159091621326398E1
6.62999999999999989E9	-1.08825383993051106E1
6.64000000000000057E9	-1.08573760039254230E1
6.65000000000000036E9	-1.08405693322875085E1
6.65999999999999925E9	-1.08322922282499734E1
6.66999999999999993E9	-1.08327476693510083E1
6.67999999999999972E9	-1.08421707244711785E1
6.69000000000000039E9	-1.08608318845636354E1
6.70000000000000018E9	-1.08890408378830639E1
6.70999999999999908E9	-1.09271507736431972E1
6.72000000000000064E9	-1.09755633137266195E1
6.72999999999999954E9	-1.10347341917561148E1
6.74000000000000021E9	-1.11051798235488830E1
6.75000000000000000E9	-1.11874849440917346E1
6.75999999999999979E9	-1.12823115254805884E1
6.77000000000000046E9	-1.13904092401529922E1
6.77999999999999936E9	-1.15126277973393920E1
6.79000000000000092E9	-1.16499315621584176E1
6.79999999999999982E9	-1.18034169717344728E1
6.80999999999999961E9	-1.19743333985176026E1
6.82000000000000028E9	-1.21641082874279793E1
6.83000000000000007E9	-1.23743776233868985E1
6.84000000000000075E9	-1.26070230858117260E1
6.84999999999999964E9	-1.28642176373422701E1
6.85999999999999943E9	-1.31484817991968028E1
6.87000000000000011E9	-1.34627535078566418E1
6.87999999999999989E9	-1.38104752364574601E1
6.89000000000000057E9	-1.41957029619804809E1
6.90000000000000036E9	-1.46232423993843730E1
6.90999999999999925E9	-1.50988182055955900E1
6.91999999999999993E9	-1.56292802387373442E1
6.92999999999999972E9	-1.62228439884327313E1
6.94000000000000039E9	-1.68893411516282654E1
6.95000000000000018E9	-1.76403982973991269E1
6.95999999999999908E9	-1.84893072288626104E1
6.97000000000000064E9	-1.94499427239164868E1
6.97999999999999954E9	-2.05330097791357868E1
6.99000000000000021E9	-2.17351748069469952E1
7.00000000000000000E9	-2.30107104872247659E1
7.00999999999999979E9	-2.42098758818448623E1
7.02000000000000046E9	-2.50055243345314748E1
7.02999999999999936E9	-2.49942612335206471E1
7.04000000000000092E9	-2.41009463220468412E1
7.04999999999999982E9	-2.26779856452449247E1
7.05999999999999961E9	-2.11032504015116862E1
7.07000000000000028E9	-1.95753949687385687E1
7.08000000000000007E9	-1.81641834297735549E1
7.09000000000000075E9	-1.68825222729243651E1
7.09999999999999964E9	-1.57232476836308344E1
7.10999999999999943E9	-1.46737799629617860E1
7.12000000000000011E9	-1.37213411159049858E1
7.12999999999999989E9	-1.28545694506739272E1
7.14000000000000057E9	-1.20638278011820588E1
7.15000000000000036E9	-1.13410723244444100E1
7.15999999999999925E9	-1.06796028293464729E1
7.16999999999999993E9	-1.00738089231141781E1
7.17999999999999972E9	-9.51894825128401578E0
7.19000000000000039E9	-9.01096422911010464E0
7.20000000000000018E9	-8.54634065293197231E0
7.20999999999999908E9	-8.12198774630564735E0
7.22000000000000064E9	-7.73515397452033149E0
7.22999999999999954E9	-7.38335858023339764E0
7.24000000000000021E9	-7.06434058698700440E0
7.25000000000000000E9	-6.77602075966749151E0
7.25999999999999979E9	-6.51647364394434447E0
7.27000000000000046E9	-6.28390733262453516E0
7.27999999999999936E9	-6.07664904427979291E0
7.29000000000000092E9	-5.89313496727610886E0
7.29999999999999982E9	-5.73190313476821789E0
7.30999999999999961E9	-5.59158836280521854E0
7.32000000000000028E9	-5.47091851034551802E0
7.33000000000000007E9	-5.36871151051468409E0
7.34000000000000075E9	-5.28387277974075698E0
7.34999999999999964E9	-5.21539273821998517E0
7.35999999999999943E9	-5.16234427445656063E0
7.37000000000000011E9	-5.12388006167051024E0
7.37999999999999989E9	-5.09922968816875333E0
7.39000000000000057E9	-5.08769660086811992E0
7.40000000000000036E9	-5.08865488444741842E0
7.40999999999999925E9	-5.10154591119042067E0
7.41999999999999993E9	-5.12587490117384093E0
7.42999999999999972E9	-5.16120743130888116E0
7.44000000000000039E9	-5.20716592666177558E0
7.45000000000000018E9	-5.26342615982529338E0
7.45999999999999908E9	-5.32971377486374465E0
7.47000000000000064E9	-5.40580084215373269E0
7.47999999999999954E9	-5.49150243964907947E0
7.49000000000000021E9	-5.58667324484151706E0
7.50000000000000000E9	-5.69120410990885617E0
7.50999999999999979E9	-5.80501858001778892E0
7.52000000000000046E9	-5.92806930113121844E0
7.52999999999999936E9	-6.06033424848594748E0
7.54000000000000092E9	-6.20181268957603304E0
7.54999999999999982E9	-6.35252077531893100E0
7.55999999999999961E9	-6.51248662931865674E0
7.57000000000000028E9	-6.68174477692493252E0
7.58000000000000007E9	-6.86032972223708093E0
7.59000000000000075E9	-7.04826844148222698E0
7.59999999999999964E9	-7.24557151466154092E0
7.60999999999999943E9	-7.45222256380220038E0
7.62000000000000011E9	-7.66816560622701360E0
7.62999999999999989E9	-7.89328986712163072E0
7.64000000000000057E9	-8.12741153205976019E0
7.65000000000000036E9	-8.37025186583622371E0
7.65999999999999925E9	-8.62141109406766581E0
7.66999999999999993E9	-8.88033746300418514E0
7.67999999999999972E9	-9.14629099851478955E0
7.69000000000000039E9	-9.41830173248600033E0
7.70000000000000018E9	-9.69512263037801780E0
7.70999999999999908E9	-9.97517823572050766E0
7.72000000000000064E9	-1.02565112585906237E1
7.72999999999999954E9	-1.05367310793532232E1
7.74000000000000021E9	-1.08129704607103538E1
7.75000000000000000E9	-1.10818595577164403E1
7.75999999999999979E9	-1.13395292093524414E1
7.77000000000000046E9	-1.15816576928979109E1
7.77999999999999936E9	-1.18035753374209240E1
7.79000000000000092E9	-1.20004379800267080E1
7.79999999999999982E9	-1.21674717237469232E1
7.80999999999999961E9	-1.23002774688910610E1
7.82000000000000028E9	-1.23951661793360479E1
7.83000000000000007E9	-1.24494796172164324E1
7.84000000000000075E9	-1.24618430254250545E1
7.84999999999999964E9	-1.24323016481215287E1
7.85999999999999943E9	-1.23623131378833451E1
7.87000000000000011E9	-1.22545974445825223E1
7.87999999999999989E9	-1.21128747763186007E1
7.89000000000000057E9	-1.19415410047566994E1
7.90000000000000036E9	-1.17453337405534475E1
7.90999999999999925E9	-1.15290329217953014E1
7.91999999999999993E9	-1.12972231050056982E1
7.92999999999999972E9	-1.10541273263255824E1
7.94000000000000039E9	-1.08035089329559186E1
7.95000000000000018E9	-1.05486298310229487E1
7.95999999999999908E9	-1.02922506342387421E1
7.97000000000000064E9	-1.00366586893773002E1
7.97999999999999954E9	-9.78371227517817488E0
7.99000000000000021E9	-9.53489218400463301E0
8.00000000000000000E9	-9.29135465514552017E0


freq	dB(SP1.SP.S(2,2))
4.00000000000000000E9	-5.12388375779712035E0
4.00999999999999979E9	-5.17929050723134488E0
4.02000000000000046E9	-5.23634641254949873E0
4.02999999999999936E9	-5.29520154330960935E0
4.04000000000000004E9	-5.35601025340566927E0
4.04999999999999982E9	-5.41893155989804853E0
4.06000000000000050E9	-5.48481378208489101E0
4.07000000000000028E9	-5.55326825550455982E0
4.08000000000000007E9	-5.62446829429218909E0
4.08999999999999986E9	-5.69859244329993242E0
4.09999999999999964E9	-5.77582506909207627E0
4.11000000000000032E9	-5.85729551097881007E0
4.12000000000000011E9	-5.94238023963818396E0
4.12999999999999989E9	-6.03127834957090947E0
4.13999999999999968E9	-6.12419607218578399E0
4.15000000000000036E9	-6.22134764739340795E0
4.16000000000000014E9	-6.32412692002083254E0
4.16999999999999993E9	-6.43169213349429292E0
4.17999999999999972E9	-6.54427520832608689E0
4.18999999999999950E9	-6.66211835860707957E0
4.20000000000000018E9	-6.78547534372247618E0
4.20999999999999996E9	-6.91596837581788026E0
4.22000000000000064E9	-7.05258226786555653E0
4.22999999999999954E9	-7.19559507858227398E0
4.24000000000000021E9	-7.34530022046369879E0
4.25000000000000000E9	-7.50200827793930181E0
4.25999999999999979E9	-7.66751109303644451E0
4.27000000000000046E9	-7.84070271321658829E0
4.27999999999999936E9	-8.02193171913512693E0
4.29000000000000004E9	-8.21157052312248936E0
4.29999999999999982E9	-8.41001818225345055E0
4.31000000000000050E9	-8.61915700930304851E0
4.32000000000000028E9	-8.83792702274829090E0
4.33000000000000007E9	-9.06679422665751922E0
4.33999999999999986E9	-9.30626388463049459E0
4.34999999999999964E9	-9.55688543472970231E0
4.36000000000000032E9	-9.82054658479575338E0
4.37000000000000011E9	-1.00964521771544424E1
4.37999999999999989E9	-1.03852817458383395E1
4.38999999999999968E9	-1.06877852630946624E1
4.40000000000000036E9	-1.10047932511901703E1
4.41000000000000014E9	-1.13381486441534252E1
4.41999999999999993E9	-1.16876830401676046E1
4.42999999999999972E9	-1.20545030490198735E1
4.43999999999999950E9	-1.24398575458436267E1
4.45000000000000018E9	-1.28451627147736369E1
4.45999999999999996E9	-1.32723135276612303E1
4.47000000000000064E9	-1.37224483492665361E1
4.47999999999999954E9	-1.41976399940996223E1
4.49000000000000021E9	-1.47003014581692515E1
4.50000000000000000E9	-1.52332636604082605E1
4.50999999999999979E9	-1.57991079190516870E1
4.52000000000000046E9	-1.64019252006099303E1
4.52999999999999936E9	-1.70464387912113158E1
4.54000000000000004E9	-1.77384297424825421E1
4.54999999999999982E9	-1.84850764271560020E1
4.56000000000000050E9	-1.92928019586756738E1
4.57000000000000028E9	-2.01746408206626260E1
4.58000000000000007E9	-2.11456208940045176E1
4.58999999999999986E9	-2.22260769021515303E1
4.59999999999999964E9	-2.34444820602664272E1
4.61000000000000032E9	-2.48352815843708674E1
4.62000000000000011E9	-2.64660122719611790E1
4.62999999999999989E9	-2.84413444801312520E1
4.63999999999999968E9	-3.09552255751026983E1
4.65000000000000036E9	-3.44345073234405907E1
4.66000000000000014E9	-4.01319162546116548E1
4.66999999999999993E9	-4.57403456575691347E1
4.67999999999999972E9	-4.20532506407347473E1
4.68999999999999950E9	-3.56503604991599810E1
4.70000000000000018E9	-3.20674483374693020E1
4.70999999999999996E9	-2.96026799117176109E1
4.72000000000000064E9	-2.77245533116726506E1
4.72999999999999954E9	-2.62147920265836776E1
4.74000000000000021E9	-2.49582848714894823E1
4.75000000000000000E9	-2.38868359227410609E1
4.75999999999999979E9	-2.29645887021642636E1
4.77000000000000046E9	-2.21524930627064309E1
4.77999999999999936E9	-2.14297347078509404E1
4.79000000000000004E9	-2.07809597051361505E1
4.79999999999999982E9	-2.01945168519499285E1
4.81000000000000050E9	-1.96667212417380877E1
4.82000000000000028E9	-1.91843889959079972E1
4.83000000000000007E9	-1.87418433167557841E1
4.83999999999999986E9	-1.83344388222961285E1
4.84999999999999964E9	-1.79583259906272086E1
4.86000000000000032E9	-1.76143777916512079E1
4.87000000000000011E9	-1.72953791616370434E1
4.87999999999999989E9	-1.69990453422308940E1
4.88999999999999968E9	-1.67234098527660491E1
4.90000000000000036E9	-1.64667682374243185E1
4.91000000000000014E9	-1.62309528834487549E1
4.91999999999999993E9	-1.60110757966342154E1
4.92999999999999972E9	-1.58060110486131000E1
4.93999999999999950E9	-1.56147606598717537E1
4.95000000000000018E9	-1.54364362092683893E1
4.95999999999999996E9	-1.52730282075951185E1
4.97000000000000064E9	-1.51208436856964279E1
4.97999999999999954E9	-1.49792560444503042E1
4.99000000000000021E9	-1.48476993646535571E1
5.00000000000000000E9	-1.47256610913369923E1
5.00999999999999979E9	-1.46150655443241040E1
5.02000000000000046E9	-1.45129439648804870E1
5.02999999999999936E9	-1.44189184528007974E1
5.04000000000000004E9	-1.43326432330122988E1
5.04999999999999982E9	-1.42538013277031772E1
5.06000000000000050E9	-1.41841801834735737E1
5.07000000000000028E9	-1.41213017483730519E1
5.08000000000000007E9	-1.40649235845417020E1
5.08999999999999986E9	-1.40148214604328203E1
5.09999999999999964E9	-1.39707876703362599E1
5.11000000000000032E9	-1.39344444601822470E1
5.12000000000000011E9	-1.39036770311580460E1
5.12999999999999989E9	-1.38783193352025469E1
5.13999999999999968E9	-1.38582158018507551E1
5.15000000000000036E9	-1.38432203912698304E1
5.16000000000000014E9	-1.38347673833826112E1
5.16999999999999993E9	-1.38310346481466295E1
5.17999999999999972E9	-1.38318966606053539E1
5.18999999999999950E9	-1.38372333482039744E1
5.20000000000000018E9	-1.38469294622660932E1
5.20999999999999996E9	-1.38621987224852705E1
5.22000000000000064E9	-1.38814772970009592E1
5.22999999999999954E9	-1.39046540319913547E1
5.24000000000000021E9	-1.39316192395481142E1
5.25000000000000000E9	-1.39622641684482773E1
5.25999999999999979E9	-1.39975311604172736E1
5.27000000000000046E9	-1.40361076171290566E1
5.27999999999999936E9	-1.40778736598083887E1
5.29000000000000004E9	-1.41227070630144302E1
5.29999999999999982E9	-1.41704827016783641E1
5.31000000000000050E9	-1.42217974720885088E1
5.32000000000000028E9	-1.42756070318775019E1
5.33000000000000007E9	-1.43317596829722538E1
5.33999999999999986E9	-1.43900974454073527E1
5.34999999999999964E9	-1.44504554476996927E1
5.36000000000000032E9	-1.45129874411293813E1
5.37000000000000011E9	-1.45769585808886926E1
5.37999999999999989E9	-1.46421629237762430E1
5.38999999999999968E9	-1.47083847102607934E1
5.40000000000000036E9	-1.47753978166633382E1
5.41000000000000014E9	-1.48428018437168197E1
5.41999999999999993E9	-1.49102392809898454E1
5.42999999999999972E9	-1.49774351992660781E1
5.43999999999999950E9	-1.50441036839516729E1
5.45000000000000018E9	-1.51099477020847917E1
5.45999999999999996E9	-1.51739213848972154E1
5.47000000000000064E9	-1.52361410910550643E1
5.47999999999999954E9	-1.52962730016209369E1
5.49000000000000021E9	-1.53539772736912949E1
5.50000000000000000E9	-1.54089088226400595E1
5.50999999999999979E9	-1.54593740980435856E1
5.52000000000000046E9	-1.55060801855427122E1
5.52999999999999936E9	-1.55486948689167859E1
5.54000000000000004E9	-1.55868946672345610E1
5.54999999999999982E9	-1.56203665706190686E1
5.56000000000000050E9	-1.56469565229369323E1
5.57000000000000028E9	-1.56680542291076175E1
5.58000000000000007E9	-1.56834528405961215E1
5.58999999999999986E9	-1.56929763315508208E1
5.59999999999999964E9	-1.56964808495333807E1
5.61000000000000032E9	-1.56918001957358699E1
5.62000000000000011E9	-1.56809616175229039E1
5.62999999999999989E9	-1.56640316421018988E1
5.63999999999999968E9	-1.56411238209189318E1
5.65000000000000036E9	-1.56123976101180739E1
5.66000000000000014E9	-1.55763330202978834E1
5.66999999999999993E9	-1.55352685772622556E1
5.67999999999999972E9	-1.54896243814490564E1
5.68999999999999950E9	-1.54398639155826722E1
5.70000000000000018E9	-1.53864906927347200E1
5.70999999999999996E9	-1.53293185023730727E1
5.72000000000000064E9	-1.52703531786491897E1
5.72999999999999954E9	-1.52103204878395437E1
5.74000000000000021E9	-1.51499692432316979E1
5.75000000000000000E9	-1.50900696069545992E1
5.75999999999999979E9	-1.50322921136630039E1
5.77000000000000046E9	-1.49775153687357632E1
5.77999999999999936E9	-1.49266316259010612E1
5.79000000000000004E9	-1.48805364393561024E1
5.79999999999999982E9	-1.48401328679677147E1
5.81000000000000050E9	-1.48091435777183378E1
5.82000000000000028E9	-1.47866551294001347E1
5.83000000000000007E9	-1.47735660284981529E1
5.83999999999999986E9	-1.47707697995758269E1
5.84999999999999964E9	-1.47791653590556038E1
5.86000000000000032E9	-1.48041736153490411E1
5.87000000000000011E9	-1.48428203760482891E1
5.87999999999999989E9	-1.48958369242647271E1
5.88999999999999968E9	-1.49639412547421058E1
5.90000000000000036E9	-1.50478474711331978E1
5.91000000000000014E9	-1.51534143391741183E1
5.91999999999999993E9	-1.52759091306354189E1
5.92999999999999972E9	-1.54155637502019949E1
5.93999999999999950E9	-1.55725250426895445E1
5.95000000000000018E9	-1.57468424332396228E1
5.95999999999999996E9	-1.59418645125411640E1
5.97000000000000064E9	-1.61518549844386472E1
5.97999999999999954E9	-1.63754695208016576E1
5.99000000000000021E9	-1.66109641712461986E1
6.00000000000000000E9	-1.68561202586336845E1
6.00999999999999979E9	-1.71051793881685077E1
6.02000000000000046E9	-1.73524378486569542E1
6.02999999999999936E9	-1.75924175228078106E1
6.04000000000000004E9	-1.78188708423993281E1
6.04999999999999982E9	-1.80247911910735747E1
6.06000000000000050E9	-1.81876938921205489E1
6.07000000000000028E9	-1.83088584550736155E1
6.08000000000000007E9	-1.83819396859441930E1
6.08999999999999986E9	-1.84019748794400040E1
6.09999999999999964E9	-1.83656975249195886E1
6.11000000000000032E9	-1.82535794317160271E1
6.12000000000000011E9	-1.80888250575535059E1
6.12999999999999989E9	-1.78772741495695331E1
6.13999999999999968E9	-1.76257315289344385E1
6.15000000000000036E9	-1.73415842389557051E1
6.16000000000000014E9	-1.70241155030831726E1
6.16999999999999993E9	-1.66938262788379221E1
6.17999999999999972E9	-1.63565619131968853E1
6.18999999999999950E9	-1.60172626048908917E1
6.20000000000000018E9	-1.56800356194872981E1
6.20999999999999996E9	-1.53474561007139276E1
6.22000000000000064E9	-1.50249434673975601E1
6.22999999999999954E9	-1.47137592928880201E1
6.24000000000000021E9	-1.44147958646530983E1
6.25000000000000000E9	-1.41286406125414365E1
6.25999999999999979E9	-1.38575546755024992E1
6.27000000000000046E9	-1.36002847944112792E1
6.27999999999999936E9	-1.33565156756042969E1
6.29000000000000004E9	-1.31258945480854861E1
6.29999999999999982E9	-1.29080390494418085E1
6.31000000000000050E9	-1.27050724809422966E1
6.32000000000000028E9	-1.25141568226643596E1
6.33000000000000007E9	-1.23348263185731022E1
6.33999999999999986E9	-1.21666554791086101E1
6.34999999999999964E9	-1.20092550194768188E1
6.36000000000000032E9	-1.18649198939707712E1
6.37000000000000011E9	-1.17307680771715117E1
6.37999999999999989E9	-1.16065352311151249E1
6.38999999999999968E9	-1.14919969944324318E1
6.40000000000000036E9	-1.13869662392192050E1
6.40999999999999925E9	-1.12941126371189871E1
6.41999999999999993E9	-1.12106183073984167E1
6.42999999999999972E9	-1.11363939261917833E1
6.44000000000000039E9	-1.10713716600515255E1
6.45000000000000018E9	-1.10155047863020816E1
6.45999999999999908E9	-1.09717608850254300E1
6.47000000000000064E9	-1.09371790461957996E1
6.47999999999999954E9	-1.09117176706609187E1
6.49000000000000021E9	-1.08953470977378708E1
6.50000000000000000E9	-1.08880495399575516E1
6.50999999999999979E9	-1.08928408148208655E1
6.52000000000000046E9	-1.09067295663905051E1
6.52999999999999936E9	-1.09298067938993193E1
6.54000000000000092E9	-1.09622344591142862E1
6.54999999999999982E9	-1.10042477764821922E1
6.55999999999999961E9	-1.10596857964876505E1
6.57000000000000028E9	-1.11261175580176186E1
6.58000000000000007E9	-1.12043978307136061E1
6.59000000000000075E9	-1.12955174261566449E1
6.59999999999999964E9	-1.14006207997565379E1
6.60999999999999943E9	-1.15261789424245076E1
6.62000000000000011E9	-1.16692185091508738E1
6.62999999999999989E9	-1.18310113078134971E1
6.64000000000000057E9	-1.20128116770013116E1
6.65000000000000036E9	-1.22158681501968713E1
6.65999999999999925E9	-1.24466556763343950E1
6.66999999999999993E9	-1.27000024973047587E1
6.67999999999999972E9	-1.29764181283872082E1
6.69000000000000039E9	-1.32764638766159271E1
6.70000000000000018E9	-1.36007472886942260E1
6.70999999999999908E9	-1.39532162591541176E1
6.72000000000000064E9	-1.43309156786036151E1
6.72999999999999954E9	-1.47358520854876662E1
6.74000000000000021E9	-1.51707288321002576E1
6.75000000000000000E9	-1.56391203628017372E1
6.75999999999999979E9	-1.61502678837197955E1
6.77000000000000046E9	-1.67076228749571110E1
6.77999999999999936E9	-1.73192566060532771E1
6.79000000000000092E9	-1.79948195025691859E1
6.79999999999999982E9	-1.87461451785805200E1
6.80999999999999961E9	-1.95889268293980479E1
6.82000000000000028E9	-2.05229994047750264E1
6.83000000000000007E9	-2.15439469978682219E1
6.84000000000000075E9	-2.26268930889132713E1
6.84999999999999964E9	-2.37120920231544918E1
6.85999999999999943E9	-2.44665591389792381E1
6.87000000000000011E9	-2.46760728513224681E1
6.87999999999999989E9	-2.42436497492501379E1
6.89000000000000057E9	-2.32676858008832710E1
6.90000000000000036E9	-2.19732941107748259E1
6.90999999999999925E9	-2.05388314297590924E1
6.91999999999999993E9	-1.91871084607611264E1
6.92999999999999972E9	-1.79401015745142400E1
6.94000000000000039E9	-1.68012484694497610E1
6.95000000000000018E9	-1.57648680934318275E1
6.95999999999999908E9	-1.48203919904921633E1
6.97000000000000064E9	-1.39646083183338732E1
6.97999999999999954E9	-1.31862277563979768E1
6.99000000000000021E9	-1.24760504387559457E1
7.00000000000000000E9	-1.18264625941096213E1
7.00999999999999979E9	-1.12354583642128114E1
7.02000000000000046E9	-1.06943838494317101E1
7.02999999999999936E9	-1.01981248820478321E1
7.04000000000000092E9	-9.74238856811543030E0
7.04999999999999982E9	-9.32352872664472443E0
7.05999999999999961E9	-8.94366595025039857E0
7.07000000000000028E9	-8.59484476170687550E0
7.08000000000000007E9	-8.27447681839911553E0
7.09000000000000075E9	-7.98030818487975857E0
7.09999999999999964E9	-7.71035754919090710E0
7.10999999999999943E9	-7.46762014450133016E0
7.12000000000000011E9	-7.24537033798462371E0
7.12999999999999989E9	-7.04207454934672583E0
7.14000000000000057E9	-6.85634286769116841E0
7.15000000000000036E9	-6.68690330495832619E0
7.15999999999999925E9	-6.53623494288025952E0
7.16999999999999993E9	-6.39892857271612669E0
7.17999999999999972E9	-6.27387735017622994E0
7.19000000000000039E9	-6.16004887821238079E0
7.20000000000000018E9	-6.05647158399888852E0
7.20999999999999908E9	-5.96457306671537246E0
7.22000000000000064E9	-5.88063571280465691E0
7.22999999999999954E9	-5.80402964120073328E0
7.24000000000000021E9	-5.73423816895149940E0
7.25000000000000000E9	-5.67084987283300368E0
7.25999999999999979E9	-5.61552998197003017E0
7.27000000000000046E9	-5.56641704461762643E0
7.27999999999999936E9	-5.52369216899269944E0
7.29000000000000092E9	-5.48760236673745361E0
7.29999999999999982E9	-5.45846108171907485E0
7.30999999999999961E9	-5.43935195528888116E0
7.32000000000000028E9	-5.42838022736337056E0
7.33000000000000007E9	-5.42589030842424336E0
7.34000000000000075E9	-5.43220160526988138E0
7.34999999999999964E9	-5.44761176794046165E0
7.35999999999999943E9	-5.47552300022983118E0
7.37000000000000011E9	-5.51294218752628939E0
7.37999999999999989E9	-5.55984593237882319E0
7.39000000000000057E9	-5.61615009206521609E0
7.40000000000000036E9	-5.68170638658227034E0
7.40999999999999925E9	-5.75863020175747664E0
7.41999999999999993E9	-5.84330100307015687E0
7.42999999999999972E9	-5.93488538337074267E0
7.44000000000000039E9	-6.03238741071877715E0
7.45000000000000018E9	-6.13463279704998854E0
7.45999999999999908E9	-6.23968455123561938E0
7.47000000000000064E9	-6.34435609170118120E0
7.47999999999999954E9	-6.44654268572700850E0
7.49000000000000021E9	-6.54405120203354507E0
7.50000000000000000E9	-6.63460688068918714E0
7.50999999999999979E9	-6.71148219790514489E0
7.52000000000000046E9	-6.77581829400519098E0
7.52999999999999936E9	-6.82655082001136471E0
7.54000000000000092E9	-6.86306243560737350E0
7.54999999999999982E9	-6.88520411588676939E0
7.55999999999999961E9	-6.88977238200484265E0
7.57000000000000028E9	-6.88355873646756766E0
7.58000000000000007E9	-6.86873643420027591E0
7.59000000000000075E9	-6.84763382328520986E0
7.59999999999999964E9	-6.82271347510252291E0
7.60999999999999943E9	-6.79757486152621215E0
7.62000000000000011E9	-6.77561301046518949E0
7.62999999999999989E9	-6.75864877681536136E0
7.64000000000000057E9	-6.74826840279722440E0
7.65000000000000036E9	-6.74583618045737499E0
7.65999999999999925E9	-6.75581366690455187E0
7.66999999999999993E9	-6.77582511084050854E0
7.67999999999999972E9	-6.80602867793259403E0
7.69000000000000039E9	-6.84648564012200200E0
7.70000000000000018E9	-6.89715876362925151E0
7.70999999999999908E9	-6.96093038040186496E0
7.72000000000000064E9	-7.03429091711020416E0
7.72999999999999954E9	-7.11712680844111922E0
7.74000000000000021E9	-7.20937466912033642E0
7.75000000000000000E9	-7.31102167145602344E0
7.75999999999999979E9	-7.42473157824947450E0
7.77000000000000046E9	-7.54795956445389393E0
7.77999999999999936E9	-7.68107005391513731E0
7.79000000000000092E9	-7.82458664643389135E0
7.79999999999999982E9	-7.97920746145930782E0
7.80999999999999961E9	-8.14945300299430997E0
7.82000000000000028E9	-8.33408255463098868E0
7.83000000000000007E9	-8.53485058001705177E0
7.84000000000000075E9	-8.75363483542155763E0
7.84999999999999964E9	-8.99246988369613298E0
7.85999999999999943E9	-9.25828816333819660E0
7.87000000000000011E9	-9.54700442654172221E0
7.87999999999999989E9	-9.85835933513751250E0
7.89000000000000057E9	-1.01910894087183523E1
7.90000000000000036E9	-1.05426909662453028E1
7.90999999999999925E9	-1.09023505564770939E1
7.91999999999999993E9	-1.12567557465990187E1
7.92999999999999972E9	-1.15914274077910595E1
7.94000000000000039E9	-1.18891816925022686E1
7.95000000000000018E9	-1.21303842425366581E1
7.95999999999999908E9	-1.22586507794691868E1
7.97000000000000064E9	-1.22840339715683444E1
7.97999999999999954E9	-1.22031529011531248E1
7.99000000000000021E9	-1.20203312335419876E1
8.00000000000000000E9	-1.17469282194774705E1


